videosTr.gz videosTe.gz 52 1348 3.9
m =

   664    14
    38   632

