genderTr.gz genderTe.gz 24 474 5.1
m =

   231    15
     9   219

