expressionsTr.gz expressionsTe.gz 2 48 4.2
m =

   15    0    0    2    0
    0    8    0    0    0
    0    0    8    0    0
    0    0    0    6    0
    0    0    0    0    9

