irisTr.gz irisTe.gz 9 132 6.8
m =

   44    0    0
    0   37    7
    0    2   42

