gauss2DTr.gz gauss2DTe.gz 876 10000 8.8
m =

   4541    443
    433   4583

