tei =

 Columns 1 through 7:

   2914.087   1131.175   3847.377  -2030.530   -360.146    884.621    173.516

 Columns 8 through 14:

     32.415  -2138.925   1406.944  -1370.011    721.856    -11.154   -511.307

 Columns 15 through 21:

    472.817    706.164    -13.172    621.182    780.131    622.243   -137.386

 Columns 22 through 28:

  -1006.333    401.019   -742.674    -34.657    532.806   -402.419     64.562

 Columns 29 through 35:

   -474.904   -201.398   -288.639     15.383    -94.022     57.199   -325.502

 Columns 36 through 39:

   -388.895   -125.248     40.535   -165.028

tei =

 Columns 1 through 7:

   6952.216   1168.851   4224.476   -369.837   -159.463    831.453    110.454

 Columns 8 through 14:

    269.077  -2382.375    710.147  -1430.289    776.209    396.499   -237.579

 Columns 15 through 21:

   1388.226    710.000   -792.449    552.269    396.051   1095.862   -289.290

 Columns 22 through 28:

  -1097.031    264.623   -394.006     40.724    455.477   -322.123    -19.066

 Columns 29 through 35:

   -579.120   -367.887   -541.985     90.834   -187.381     61.000   -353.976

 Columns 36 through 39:

   -352.548   -129.193    -33.840   -230.635

tei =

 Columns 1 through 7:

   3712.804    422.500   3994.224   -573.246   1685.444   1128.533   -148.096

 Columns 8 through 14:

   -799.920  -1946.608    895.450  -1735.795    534.707    -95.629   -623.451

 Columns 15 through 21:

    452.063    653.206   -286.453    501.005    806.287    736.292   -294.448

 Columns 22 through 28:

   -821.818    332.612   -642.774     89.469    400.685   -741.664     24.813

 Columns 29 through 35:

   -522.095     73.820   -290.309     53.204    157.111    -59.192   -468.893

 Columns 36 through 39:

   -118.572    -65.012    120.459   -269.445

tei =

 Columns 1 through 7:

   6907.288     56.641   4152.518  -2076.691     91.460   1251.286   -981.773

 Columns 8 through 14:

   -429.301  -2408.347    840.725  -1652.935    285.839    324.997   -646.253

 Columns 15 through 21:

    377.718    642.648    -43.600    342.748    558.349    290.367   -121.523

 Columns 22 through 28:

   -830.446    303.336   -815.323     84.336    613.097   -605.951     68.638

 Columns 29 through 35:

   -485.615   -329.068   -286.718     44.192    -83.957     38.614   -351.457

 Columns 36 through 39:

   -247.331    -37.706     88.371   -138.667

tei =

 Columns 1 through 7:

   5735.707   3471.967   4400.199  -1762.122    977.280    668.370   -282.230

 Columns 8 through 14:

   -525.717  -1811.273    831.328  -1205.143    946.057     17.215   -598.785

 Columns 15 through 21:

    800.347    496.981    -44.066    761.261   1247.122    540.233   -255.146

 Columns 22 through 28:

   -849.565    119.774   -740.991    110.511    806.033   -627.485    111.642

 Columns 29 through 35:

   -441.377   -284.477   -356.963    -53.445   -289.633   -261.637   -301.870

 Columns 36 through 39:

   -242.075    -28.557    190.532   -139.437

tei =

 Columns 1 through 6:

   6008.4514    354.5163   4670.5083    -60.0185    180.2582    798.6256

 Columns 7 through 12:

    295.0186    319.8523  -2423.7217    604.6855  -1064.6310    555.0124

 Columns 13 through 18:

     26.2101   -449.4322    365.3132    799.7122      3.8690    233.0365

 Columns 19 through 24:

   1001.0177    492.6760     36.8831   -431.9052     76.3376   -705.6103

 Columns 25 through 30:

    160.5180    602.9283   -738.7253    216.7379   -664.6506   -242.4723

 Columns 31 through 36:

   -215.1760     11.2520   -190.4544     24.5597   -337.9215   -345.4571

 Columns 37 through 39:

   -250.8990    -24.9782   -167.2526

tei =

 Columns 1 through 6:

   5770.1955   1372.8851   1754.0737  -1457.2566     64.4026     57.5487

 Columns 7 through 12:

   -203.7899   -336.9491  -1402.6937    734.8335  -1344.8634    140.8300

 Columns 13 through 18:

     28.0158   -957.1195    389.9445    793.4683   -183.4681    195.8783

 Columns 19 through 24:

    660.3986    872.9987     10.7877  -1063.8165      8.7242  -1031.8369

 Columns 25 through 30:

    -17.1447    349.0137   -659.3671    118.8355   -642.6583   -378.5439

 Columns 31 through 36:

   -236.7643   -304.4595   -267.5049    -76.3129   -495.4106   -187.0280

 Columns 37 through 39:

    -62.9589     15.6557   -267.2366

tei =

 Columns 1 through 7:

   5309.173    496.543   2282.226  -1662.581   -222.812   -248.474   -173.844

 Columns 8 through 14:

   -153.511  -1491.102    -41.712   -569.705    318.123   -192.366   -401.450

 Columns 15 through 21:

    443.045    528.027   -431.708    419.143    623.770   1171.663   -295.789

 Columns 22 through 28:

   -749.019    236.108  -1012.647    238.754    641.098  -1030.602     27.761

 Columns 29 through 35:

   -237.094   -148.413   -201.666    -81.943    -54.036   -136.743   -649.542

 Columns 36 through 39:

   -401.544   -478.144   -269.139    -70.926

tei =

 Columns 1 through 7:

   3151.114   1827.651   3531.720  -1914.472    -98.968   1062.176    -62.124

 Columns 8 through 14:

    239.639  -2252.819   1502.285  -1810.665    745.314     94.962   -499.037

 Columns 15 through 21:

    854.144    513.366   -156.071    339.901    896.422    545.995     17.390

 Columns 22 through 28:

   -898.973    470.854   -798.505   -156.071    446.095   -423.260     35.238

 Columns 29 through 35:

   -620.185   -308.290   -310.030     39.900    -12.612     41.443   -345.768

 Columns 36 through 39:

   -348.191   -208.333    -20.442   -187.468

tei =

 Columns 1 through 6:

   6492.1275    457.8337   4764.7912   -140.3654     13.9711    660.1902

 Columns 7 through 12:

    209.3857    161.5808  -2648.8218    613.5649  -1215.4875    539.5032

 Columns 13 through 18:

     42.7596   -371.2752    467.3907    922.9651     -6.2436     82.2812

 Columns 19 through 24:

    941.6692    502.4814     20.6588   -550.9605     49.9492   -715.0074

 Columns 25 through 30:

    242.7636    797.3492   -720.0217    290.5586   -667.6402   -244.8008

 Columns 31 through 36:

   -148.7369    178.4907   -183.5097   -147.8499   -187.9467   -439.4862

 Columns 37 through 39:

   -165.6315     28.0109   -316.0919

tei =

 Columns 1 through 7:

   3885.824    685.083   3872.991   -902.348    572.206   -162.490   -917.962

 Columns 8 through 14:

   -165.393  -2452.185    653.426  -1481.610    593.765    267.474   -475.565

 Columns 15 through 21:

    745.370    541.568     23.172    374.675    884.132    719.967    -71.655

 Columns 22 through 28:

   -529.840    228.454   -621.474    228.365    651.787   -436.357    147.933

 Columns 29 through 35:

   -436.324   -197.649   -308.954   -125.599   -140.469    106.291   -315.326

 Columns 36 through 39:

   -280.886    -21.955     19.554    -12.217

tei =

 Columns 1 through 6:

   6694.9889   -228.2734   4320.2726  -2143.4911    334.2000   1012.1238

 Columns 7 through 12:

   -743.2707    -97.7806  -2511.8100    731.3312  -1785.8568    358.4224

 Columns 13 through 18:

    187.1440   -373.4914    444.5175    547.6093      8.2812    276.4627

 Columns 19 through 24:

    969.2401    409.5133   -539.3045   -668.5127    184.7572   -717.3849

 Columns 25 through 30:

     49.0577    777.8764   -398.2282    229.8631   -355.6793   -184.2409

 Columns 31 through 36:

   -305.7332    -14.9805   -271.3801    -14.5137   -142.9818   -115.8342

 Columns 37 through 39:

   -264.7189   -124.9164   -275.6653

tei =

 Columns 1 through 7:

   5583.038   1155.620   1710.246  -1120.864    713.572    540.633   -270.637

 Columns 8 through 14:

   -201.228  -1942.939    699.806  -1487.999    413.350   -161.274   -932.690

 Columns 15 through 21:

    571.703    631.570    -14.039    428.655   1082.339    619.513     47.462

 Columns 22 through 28:

  -1031.553    367.242   -592.929    136.560    795.699   -490.234    -16.981

 Columns 29 through 35:

   -631.977   -285.557   -385.412    230.062    -78.740     66.924   -413.206

 Columns 36 through 39:

   -344.086   -119.137     74.656     20.884

