tei =

   2.7708   4.5904

tei =

   2.7840   4.8953

tei =

   6.0206   3.8386

tei =

   3.1874   4.9305

tei =

   5.4855   4.2069

tei =

   2.8999   4.5985

tei =

   8.9770   5.9190

tei =

   3.2116   5.5717

tei =

   6.4716   4.6491

tei =

   3.1352   4.8080

tei =

   6.5703   4.7724

tei =

   6.3023   4.6516

tei =

   8.0973   5.2380

tei =

   6.6634   4.7286

tei =

   7.4029   5.0653

tei =

   2.6512   4.6292

tei =

   4.9752   3.5232

tei =

   6.2910   4.2556

tei =

   2.8587   5.3099

tei =

   2.9456   5.3599

tei =

   5.8455   4.3221

tei =

   5.7875   4.4705

tei =

   7.9177   5.2464

tei =

   2.8935   5.9000

tei =

   8.8774   5.1838

tei =

   6.6139   4.8572

tei =

   2.8121   4.6466

tei =

   4.5824   4.0995

tei =

   2.7729   4.5592

tei =

   5.8216   4.6134

tei =

   7.4041   5.1322

tei =

   7.1552   5.1030

tei =

   6.0850   4.4692

tei =

   7.6476   5.1569

tei =

   5.8659   4.5404

tei =

   5.4153   4.0573

tei =

   7.8094   5.0763

tei =

   2.8974   5.0100

tei =

   6.7041   5.1053

tei =

   6.4046   4.5351

tei =

   2.6031   4.2794

tei =

   3.0766   5.1719

tei =

   8.1025   5.0775

tei =

   2.8416   5.8949

tei =

   6.9095   4.3419

tei =

   2.8415   5.1272

tei =

   5.7391   4.0608

tei =

   6.1550   4.5589

tei =

   2.4955   4.5563

tei =

   2.8781   4.8586

tei =

   2.5101   4.3829

tei =

   5.5287   4.1720

tei =

   2.8044   5.1136

tei =

   7.6149   4.6407

tei =

   6.8095   4.8596

tei =

   6.7480   4.6450

tei =

   7.6547   5.0104

tei =

   8.9756   5.0247

tei =

   2.9251   5.1416

tei =

   5.6213   4.4488

tei =

   2.7442   4.5256

tei =

   7.4368   5.0434

tei =

   7.3961   4.8767

tei =

   8.5581   5.3402

tei =

   2.8576   4.6403

tei =

   2.9806   5.4047

tei =

   6.1266   4.7478

tei =

   6.4099   5.1423

tei =

   2.2666   4.3582

tei =

   5.2925   4.0605

tei =

   8.4112   4.9722

tei =

   4.7397   3.8588

tei =

   6.8681   4.3907

tei =

   2.6198   4.8424

tei =

   7.2555   4.9128

tei =

   6.3030   5.0988

tei =

   7.6520   4.6543

tei =

   2.8624   4.9652

tei =

   5.8418   4.6668

tei =

   3.2868   5.6059

tei =

   5.6682   3.9642

tei =

   3.0223   4.9756

tei =

   8.4137   5.6634

tei =

   2.8467   5.0718

tei =

   6.5867   5.1129

tei =

   2.6738   4.8162

tei =

   6.6979   4.3862

tei =

   6.7841   4.7566

tei =

   3.2853   5.3167

tei =

   2.7208   5.0993

tei =

   6.5238   4.8766

tei =

   8.7157   6.0320

tei =

   5.6536   4.1376

tei =

   6.3786   4.7527

tei =

   6.4232   4.1344

tei =

   6.9455   5.1613

tei =

   2.6005   4.6909

tei =

   3.1738   5.1109

tei =

   8.0572   5.1436

tei =

   8.3192   4.9777

tei =

   3.0893   5.0896

tei =

   3.1088   6.1735

tei =

   2.8121   4.6466

tei =

   5.7143   4.3452

tei =

   8.0348   5.0164

tei =

   6.8404   4.1541

tei =

   7.2647   4.2372

tei =

   6.7647   5.3130

tei =

   7.4613   4.6416

tei =

   2.9772   4.6015

tei =

   6.8855   4.6332

tei =

   6.9095   4.3419

tei =

   6.9288   4.5983

tei =

   7.0133   4.4096

tei =

   7.8662   5.0710

tei =

   6.4204   5.0912

tei =

   7.0878   4.4967

tei =

   5.1765   4.3574

tei =

   9.2728   4.8585

tei =

   7.0427   4.9953

tei =

   2.9054   5.3705

tei =

   6.3822   5.0107

tei =

   7.5967   5.1588

tei =

   2.2793   5.0435

tei =

   2.7621   5.1555

tei =

   6.1966   4.8375

tei =

   5.9521   4.1432

tei =

   7.2909   4.5773

tei =

   7.8439   4.8388

tei =

   7.8018   4.4405

tei =

   2.8443   5.6482

tei =

   5.3167   4.5967

recolabs =

 Columns 1 through 20:

   1   1   2   1   2   1   3   1   2   1   2   2   3   2   3   1   2   2   1   1

 Columns 21 through 40:

   2   2   3   1   3   2   1   2   1   2   3   3   2   3   2   2   3   1   3   2

 Columns 41 through 60:

   1   1   3   1   3   1   2   2   1   1   1   2   1   3   3   2   3   3   1   2

 Columns 61 through 80:

   1   3   3   3   1   1   2   2   1   2   3   2   3   1   3   2   3   1   2   1

 Columns 81 through 100:

   2   1   3   1   2   1   3   3   1   1   2   3   2   2   2   3   1   1   3   3

 Columns 101 through 120:

   1   1   1   2   3   3   3   3   3   1   3   3   3   3   3   2   3   2   3   3

 Columns 121 through 132:

   1   2   3   1   1   2   2   3   3   3   1   2

Training set: ../data/irisTr.gz Test set: ../data/irisTe.gz M: 2 Nerr: 9 NTe: 132 e: 6.8
m =

   44    0    0
    0   38    6
    0    3   41

